inx 	 gt 	 dt
1	2	1079
2	2	1081
3	28	2172
4	35	1079
5	54	1079
6	62	2172
7	68	2172
8	68	1100
9	71	1079
10	72	1079
11	76	1079
12	81	1079
13	81	1100
14	81	1079
15	81	85
16	81	1081
17	81	1081
18	81	473
19	83	1079
20	89	1081
21	2212	1756
22	2212	360
23	2212	1081
24	2212	1081
25	2212	1081
26	2215	1079
27	2215	1081
28	2215	1548
29	2215	1081
30	2215	1081
31	2215	1079
32	2215	1081
33	2215	1079
34	2233	1079
35	2233	1079
36	2233	1079
37	2233	1081
38	2233	1079
39	2233	1079
40	2233	1079
41	102	1488
42	102	2172
43	102	2172
44	102	1079
45	102	1079
46	102	2027
47	102	2172
48	102	1079
49	113	335
50	115	1081
51	115	1081
52	115	335
53	115	473
54	115	1079
55	118	1079
56	124	1081
57	132	1081
58	132	1081
59	132	1081
60	135	2172
61	138	1079
62	138	473
63	138	1079
64	138	1756
65	141	1079
66	143	1079
67	148	2172
68	148	1756
69	148	1081
70	148	1079
71	150	2172
72	156	1079
73	158	1081
74	158	1081
75	172	2027
76	189	1079
77	181	473
78	182	473
79	182	1081
80	187	1079
81	2251	1081
82	2258	1079
83	2262	1079
84	2262	1081
85	2262	1081
86	2262	1079
87	192	473
88	192	1079
89	192	1079
90	193	1081
91	193	2027
92	193	1081
93	194	2172
94	194	1081
95	194	473
96	194	1079
97	198	1081
98	198	1081
99	198	473
100	198	1081
101	198	473
102	198	473
103	198	1079
104	198	1759
105	198	473
106	2278	1756
107	2278	1756
108	2278	1756
109	2278	1081
110	2278	1756
111	2278	1081
112	2278	1081
113	2278	1081
114	2278	1081
115	2278	1081
116	2278	1081
117	2278	1079
118	2278	1081
119	2278	1081
120	2278	1081
121	2278	1756
122	2278	1081
123	2278	1081
124	2278	1081
125	2278	1081
126	2278	1081
127	2278	1081
128	2278	1079
129	2278	1081
130	2272	1079
131	2272	1079
132	2272	1081
133	2272	1079
134	2272	2142
135	2272	1079
136	2272	1079
137	2272	1081
138	2272	1079
139	2272	1081
140	2272	1081
141	2275	1081
142	2275	2172
143	2275	1081
144	2275	1081
145	2275	1081
146	2275	1081
147	2275	1081
148	2275	1081
149	2275	1081
150	2275	1081
151	2275	1081
152	217	1081
153	221	1079
154	221	1079
155	222	1488
156	229	1079
157	229	1081
158	229	85
159	235	1079
160	235	1549
161	235	1079
162	235	335
163	235	1100
164	235	1081
165	235	1756
166	235	1079
167	235	1079
168	235	1081
169	235	1100
170	236	2027
171	239	1079
172	239	1081
173	240	1081
174	244	1081
175	244	335
176	244	1079
177	244	1079
178	244	1079
179	244	1079
180	244	1079
181	244	1081
182	249	1079
183	252	1081
184	259	1081
185	262	1081
186	262	1079
187	262	1079
188	266	1079
189	273	1079
190	273	473
191	279	1081
192	279	473
193	284	1081
194	284	1081
195	284	1081
196	286	473
197	286	1081
198	288	1081
199	288	1079
200	288	1081
201	291	1081
202	291	1081
203	293	1079
204	2321	1756
205	2321	1081
206	2321	1079
207	2321	85
208	2321	1756
209	2321	1079
210	2321	1081
211	299	1081
212	299	2172
213	299	1079
214	299	85
215	299	1081
216	299	1079
217	299	1079
218	299	1081
219	299	1079
220	299	1756
221	307	1081
222	307	1081
223	307	1079
224	312	1081
225	312	1079
226	312	1079
227	312	1079
228	312	1079
229	312	1079
230	312	85
231	312	2172
232	312	1081
233	312	1081
234	312	1079
235	312	1079
236	312	1079
237	312	1079
238	312	1079
239	312	1079
240	312	1079
241	312	1079
242	312	1079
243	312	1079
244	312	1079
245	312	1081
246	312	1079
247	312	1079
248	318	335
249	318	1079
250	318	1079
251	318	1079
252	318	1756
253	318	1079
254	326	1081
255	326	1081
256	326	1081
257	326	1549
258	326	1549
259	326	1079
260	326	473
261	326	1081
262	326	1488
263	326	1081
264	326	1081
265	331	1079
266	333	1079
267	335	473
268	335	1081
269	335	1079
270	335	1079
271	335	1079
272	335	1081
273	335	1079
274	335	1079
275	340	1079
276	340	1100
277	340	335
278	340	1756
279	340	1081
280	340	1081
281	340	473
282	340	473
283	340	473
284	340	1081
285	340	1100
286	340	2172
287	340	1079
288	340	1079
289	340	1079
290	340	1079
291	340	1079
292	340	1079
293	340	1079
294	340	1079
295	340	1079
296	340	1079
297	343	335
298	346	1756
299	346	85
300	346	1100
301	346	2172
302	346	1079
303	346	1079
304	346	1079
305	346	1756
306	346	2172
307	346	1079
308	346	1079
309	346	85
310	346	1081
311	346	1079
312	346	1079
313	346	85
314	346	1081
315	346	1079
316	346	1079
317	359	1332
318	364	1081
319	364	1079
320	380	1079
321	383	1079
322	383	1081
323	383	1081
324	383	1081
325	383	1079
326	383	85
327	383	1081
328	383	1081
329	383	1081
330	383	1081
331	383	1081
332	383	335
333	383	473
334	383	1079
335	383	1081
336	383	1079
337	383	2172
338	383	2172
339	383	1079
340	383	1081
341	383	1081
342	383	1756
343	383	473
344	383	2172
345	383	1079
346	383	1081
347	383	1081
348	383	1081
349	383	1081
350	383	1081
351	383	2172
352	383	1081
353	383	1756
354	383	1079
355	383	1079
356	383	1081
357	383	1081
358	383	1081
359	383	1081
360	383	1081
361	383	1079
362	383	1081
363	383	85
364	383	1756
365	392	1081
366	392	1081
367	392	1079
368	392	1081
369	392	1081
370	392	1079
371	392	1081
372	392	2172
373	392	1079
374	392	1079
375	392	1079
376	392	1079
377	392	85
378	392	1081
379	392	1079
380	392	2172
381	392	1081
382	392	1756
383	392	473
384	392	1332
385	392	1079
386	399	1079
387	399	1079
388	399	1079
389	399	2027
390	2357	1756
391	2358	1081
392	2358	1100
393	406	473
394	410	2172
395	410	2027
396	410	1081
397	410	2027
398	410	2172
399	410	1079
400	410	1079
401	410	2027
402	410	1079
403	414	1488
404	414	1488
405	414	473
406	414	1756
407	414	1079
408	414	335
409	414	473
410	414	1079
411	414	2027
412	414	2027
413	414	1079
414	414	1079
415	414	1079
416	414	1079
417	414	335
418	414	1079
419	414	335
420	414	335
421	414	335
422	414	2172
423	414	335
424	414	335
425	414	335
426	414	335
427	414	2027
428	414	2172
429	414	335
430	414	335
431	414	335
432	414	335
433	414	1079
434	414	1079
435	414	1079
436	414	2172
437	414	335
438	414	1079
439	414	2172
440	414	1081
441	414	1079
442	414	335
443	414	335
444	414	1079
445	414	473
446	414	1081
447	414	473
448	414	2027
449	414	1079
450	414	1079
451	414	1081
452	414	2172
453	414	2142
454	414	1081
455	414	473
456	414	1079
457	414	1079
458	414	473
459	414	1081
460	414	473
461	414	335
462	414	473
463	414	473
464	414	1756
465	414	473
466	414	1079
467	414	335
468	414	1079
469	414	473
470	414	473
471	414	473
472	414	2027
473	414	1488
474	414	1756
475	414	473
476	414	473
477	414	473
478	414	473
479	414	335
480	414	473
481	414	1079
482	414	473
483	414	473
484	414	473
485	414	473
486	414	473
487	414	473
488	414	1079
489	414	1079
490	414	473
491	414	1488
492	414	1079
493	414	473
494	414	1488
495	414	1081
496	414	1081
497	414	473
498	414	2172
499	414	473
500	414	473
501	414	1081
502	414	473
503	414	473
504	414	1079
505	414	1081
506	414	473
507	414	1079
508	414	1081
509	414	2172
510	414	473
511	414	1081
512	414	473
513	414	1081
514	414	473
515	414	1081
516	414	1079
517	414	473
518	414	335
519	414	473
520	414	2172
521	414	1081
522	414	473
523	414	1081
524	414	2027
525	414	1081
526	414	85
527	414	473
528	414	335
529	414	2172
530	414	1079
531	414	335
532	414	1081
533	414	1081
534	414	1079
535	414	1079
536	414	1081
537	414	1079
538	414	85
539	414	1079
540	414	473
541	414	1081
542	414	473
543	414	1079
544	414	1756
545	414	473
546	414	473
547	414	473
548	414	473
549	414	1081
550	414	1079
551	414	1756
552	414	473
553	414	335
554	414	1081
555	414	473
556	414	1079
557	414	473
558	414	2172
559	414	1079
560	414	335
561	414	1079
562	414	2172
563	414	1079
564	415	335
565	416	2172
566	417	1079
567	417	1081
568	417	1081
569	417	1079
570	417	2027
571	417	2027
572	417	1488
573	417	473
574	417	1081
575	417	1079
576	417	1079
577	417	1081
578	417	1081
579	417	1081
580	417	2027
581	417	473
582	417	1081
583	417	1488
584	417	1079
585	417	1759
586	417	1759
587	417	1079
588	417	1759
589	417	1081
590	417	1081
591	417	1081
592	417	1081
593	417	1081
594	417	473
595	417	473
596	417	2172
597	417	85
598	417	1081
599	417	1079
600	417	1081
601	417	1081
602	417	1079
603	417	1081
604	417	1079
605	417	85
606	417	1081
607	417	1081
608	417	473
609	417	1079
610	417	1081
611	417	1759
612	417	1759
613	417	1081
614	417	1079
615	417	473
616	417	1756
617	417	1756
618	417	1079
619	422	1079
620	420	1079
621	420	1079
622	420	1079
623	420	1079
624	420	1079
625	420	1079
626	420	1079
627	420	1079
628	420	1079
629	420	1079
630	420	1079
631	420	1079
632	420	1079
633	420	1079
634	420	1079
635	420	1079
636	420	1079
637	420	335
638	420	2027
639	420	1079
640	420	335
641	420	335
642	420	1079
643	420	1079
644	420	1079
645	420	335
646	420	1079
647	420	1079
648	420	473
649	420	1079
650	420	335
651	420	1079
652	420	1081
653	420	1756
654	420	1756
655	420	335
656	420	1756
657	420	473
658	420	473
659	420	473
660	420	1100
661	420	1079
662	420	85
663	420	1079
664	420	473
665	420	1332
666	420	473
667	420	1081
668	420	1756
669	420	1079
670	420	473
671	420	1081
672	420	1079
673	420	1079
674	420	1081
675	420	473
676	420	1079
677	420	1079
678	420	1079
679	420	2172
680	420	1079
681	420	1079
682	420	1079
683	420	473
684	420	1079
685	420	1079
686	420	85
687	420	1079
688	420	1079
689	420	473
690	420	85
691	420	1079
692	420	1756
693	420	1079
694	420	1079
695	420	1081
696	420	1079
697	420	1079
698	420	1079
699	420	1079
700	420	1079
701	420	1079
702	420	1100
703	420	1079
704	420	85
705	420	1079
706	420	1079
707	420	85
708	420	1079
709	420	1079
710	420	473
711	420	85
712	420	2027
713	420	1079
714	420	473
715	420	1081
716	420	473
717	420	1079
718	420	473
719	420	1081
720	420	1079
721	420	473
722	420	473
723	420	1756
724	420	1079
725	420	473
726	420	1079
727	420	709
728	420	1081
729	420	473
730	420	473
731	420	473
732	420	1081
733	420	1079
734	420	1079
735	424	1079
736	424	1081
737	424	1081
738	433	1079
739	442	1079
740	442	1081
741	444	1079
742	444	1079
743	446	1081
744	446	1548
745	446	1079
746	446	1081
747	446	1079
748	446	2172
749	446	1079
750	446	1081
751	446	1081
752	448	1079
753	455	1079
754	455	1079
755	455	1079
756	461	1081
757	461	1081
758	461	1756
759	461	1081
760	461	1079
761	461	1079
762	461	1079
763	461	1100
764	479	1079
765	480	473
766	480	335
767	499	1081
768	499	473
769	2364	1756
770	2364	1081
771	511	1756
772	511	1079
773	511	335
774	511	1079
775	511	335
776	511	1079
777	511	2172
778	511	1079
779	511	1079
780	511	1079
781	511	1079
782	511	1079
783	511	1079
784	511	473
785	511	1079
786	511	473
787	511	1079
788	511	1079
789	511	2172
790	511	2172
791	511	1079
792	511	1079
793	511	1079
794	511	1079
795	511	1079
796	511	1079
797	511	1079
798	511	1079
799	511	2172
800	511	1756
801	511	1079
802	511	473
803	511	2172
804	511	1079
805	511	1079
806	511	473
807	511	1079
808	511	1081
809	511	1756
810	511	1079
811	511	1079
812	511	85
813	514	1081
814	518	1759
815	518	2172
816	518	2172
817	518	1081
818	518	1079
819	518	1079
820	518	2172
821	518	2027
822	518	1079
823	518	1079
824	518	1079
825	518	1079
826	518	1759
827	518	1548
828	518	1079
829	518	1549
830	518	1079
831	518	1548
832	518	1081
833	518	1081
834	518	85
835	518	1081
836	518	1079
837	518	1079
838	518	1079
839	523	1079
840	552	1079
841	525	1079
842	525	2172
843	525	1081
844	525	2172
845	525	1079
846	525	473
847	525	1079
848	525	2172
849	525	1079
850	525	2172
851	525	2172
852	525	473
853	525	473
854	525	1081
855	525	1081
856	525	1081
857	525	2172
858	525	1079
859	525	1081
860	525	1079
861	525	1079
862	525	1079
863	525	473
864	525	1079
865	525	1079
866	525	2172
867	534	1079
868	534	1759
869	534	473
870	534	1081
871	534	473
872	534	1079
873	534	2172
874	534	2172
875	534	2378
876	534	2378
877	534	473
878	534	1488
879	534	1488
880	534	1081
881	534	1548
882	534	473
883	536	1081
884	540	1081
885	540	1079
886	540	1079
887	542	1081
888	544	1756
889	544	1756
890	544	1081
891	544	2027
892	544	1081
893	544	1548
894	544	1079
895	544	1079
896	544	1079
897	544	2378
898	544	1488
899	544	1548
900	544	1488
901	551	1079
902	551	1081
903	551	1079
904	509	2378
905	509	1549
906	563	1081
907	563	1079
908	563	1081
909	563	1081
910	567	473
911	591	1488
912	591	335
913	586	1079
914	586	1079
915	586	2027
916	2383	85
917	2383	1081
918	2379	1081
919	2379	1332
920	635	2027
921	635	1079
922	637	473
923	652	1079
924	652	1079
925	652	1079
926	652	1756
927	666	1079
928	666	85
929	655	335
930	655	1079
931	657	335
932	657	1079
933	657	1081
934	657	335
935	657	1081
936	663	1081
937	663	1081
938	646	1081
939	646	1756
940	646	473
941	646	1079
942	648	2172
943	640	2027
944	642	1081
945	669	2172
946	669	473
947	688	2027
948	688	1079
949	688	1079
950	688	2027
951	688	2027
952	688	1756
953	688	1079
954	677	1081
955	677	1081
956	677	1756
957	677	1079
958	677	1079
959	677	1079
960	677	473
961	677	1081
962	677	1079
963	677	1081
964	677	1081
965	679	1079
966	679	1081
967	679	1081
968	679	1081
969	679	1079
970	681	1081
971	681	1079
972	681	335
973	681	1756
974	681	1079
975	681	1081
976	681	2027
977	681	1081
978	681	1081
979	681	1079
980	681	1079
981	683	1081
982	683	1079
983	686	1081
984	692	85
985	694	1079
986	694	85
987	694	1079
988	697	1079
989	697	1081
990	697	85
991	697	1079
992	697	1079
993	697	1079
994	697	1079
995	697	1081
996	697	1079
997	697	2172
998	697	1081
999	697	1081
1000	697	1079
1001	697	1079
1002	697	1079
1003	697	1079
1004	697	1079
1005	697	1081
1006	697	1079
1007	697	1079
1008	697	1079
1009	697	1079
1010	697	1081
1011	697	1081
1012	698	1079
1013	725	85
1014	725	1079
1015	725	1081
1016	725	1079
1017	725	1081
1018	725	1759
1019	702	1079
1020	702	1079
1021	702	1079
1022	702	1079
1023	702	2027
1024	702	1079
1025	702	1079
1026	702	1079
1027	702	1079
1028	702	1079
1029	702	1079
1030	702	1079
1031	702	1079
1032	702	1081
1033	702	335
1034	702	335
1035	702	1079
1036	702	1756
1037	702	1079
1038	702	1081
1039	702	2027
1040	702	335
1041	702	85
1042	702	85
1043	702	85
1044	702	1081
1045	702	1756
1046	702	1079
1047	702	1079
1048	702	1081
1049	702	473
1050	702	1079
1051	702	1079
1052	702	1081
1053	702	1079
1054	702	2172
1055	702	1079
1056	702	1079
1057	702	1079
1058	702	473
1059	702	335
1060	702	2172
1061	702	473
1062	702	1081
1063	702	1081
1064	702	1548
1065	702	1079
1066	702	1081
1067	702	1079
1068	702	1756
1069	702	1079
1070	702	1081
1071	702	1079
1072	702	1081
1073	702	1081
1074	702	1079
1075	702	2172
1076	702	2172
1077	702	1081
1078	702	1079
1079	702	1079
1080	702	85
1081	702	1081
1082	702	1079
1083	702	85
1084	702	473
1085	702	1549
1086	702	1549
1087	702	1079
1088	702	1079
1089	702	1081
1090	702	1549
1091	702	473
1092	703	1079
1093	708	1081
1094	708	1079
1095	708	1081
1096	708	473
1097	708	1079
1098	708	1079
1099	708	1081
1100	708	2172
1101	708	1081
1102	708	473
1103	708	1079
1104	708	1079
1105	708	1079
1106	708	1079
1107	708	2172
1108	708	2172
1109	708	1079
1110	708	1079
1111	708	1081
1112	708	1081
1113	708	1081
1114	708	1081
1115	708	1079
1116	708	1079
1117	708	1081
1118	708	85
1119	708	1081
1120	708	1081
1121	712	1079
1122	712	1079
1123	712	1079
1124	712	1759
1125	712	1100
1126	712	2027
1127	712	335
1128	712	1100
1129	712	2027
1130	712	2172
1131	712	1081
1132	712	1081
1133	712	1081
1134	712	1081
1135	712	2172
1136	712	1081
1137	712	1081
1138	712	2172
1139	712	1079
1140	712	2172
1141	712	85
1142	712	1079
1143	712	1079
1144	712	1079
1145	712	1079
1146	712	85
1147	712	85
1148	712	1079
1149	712	2172
1150	712	1079
1151	712	1759
1152	712	2172
1153	712	1081
1154	712	1081
1155	712	2172
1156	712	2172
1157	712	1079
1158	712	1079
1159	712	1079
1160	712	1079
1161	712	1079
1162	712	1079
1163	712	1081
1164	712	2172
1165	712	1081
1166	712	1079
1167	712	85
1168	712	1081
1169	712	1081
1170	712	1079
1171	712	85
1172	712	2172
1173	716	2027
1174	716	2172
1175	716	1079
1176	716	1079
1177	716	1079
1178	716	1081
1179	716	1079
1180	716	1079
1181	716	1079
1182	716	1079
1183	716	1079
1184	716	1079
1185	716	1079
1186	716	2027
1187	716	1100
1188	716	1079
1189	716	1079
1190	716	1079
1191	716	1079
1192	716	1079
1193	716	1081
1194	728	1081
1195	728	1081
1196	728	2172
1197	728	1079
1198	728	1079
1199	728	2172
1200	728	1079
1201	728	1079
1202	728	1079
1203	728	2172
1204	728	1081
1205	728	1079
1206	728	1079
1207	728	1081
1208	728	1081
1209	728	85
1210	728	85
1211	728	1079
1212	728	1081
1213	733	2172
1214	739	1079
1215	740	2172
1216	740	1079
1217	740	1081
1218	740	1079
1219	740	1081
1220	740	1081
1221	740	1079
1222	740	1079
1223	740	1079
1224	740	1079
1225	740	2172
1226	740	1079
1227	740	473
1228	740	1079
1229	740	1081
1230	740	1079
1231	740	1079
1232	740	1079
1233	740	1079
1234	740	2172
1235	740	1079
1236	740	1100
1237	740	1079
1238	740	2172
1239	740	1756
1240	740	2172
1241	740	1081
1242	740	1079
1243	740	1079
1244	740	1079
1245	740	1079
1246	740	1079
1247	740	1079
1248	742	1081
1249	742	1081
1250	742	1079
1251	742	1079
1252	742	1079
1253	742	1079
1254	742	2172
1255	742	1079
1256	742	2172
1257	742	2172
1258	742	1081
1259	742	2172
1260	742	1079
1261	742	1079
1262	742	1079
1263	742	1079
1264	742	1079
1265	742	1079
1266	742	2172
1267	742	1079
1268	742	1079
1269	742	1100
1270	742	1081
1271	742	85
1272	742	85
1273	742	1079
1274	743	1081
1275	746	1081
1276	746	1081
1277	746	1079
1278	746	1079
1279	746	473
1280	746	1079
1281	746	1079
1282	746	1081
1283	746	1079
1284	746	1079
1285	746	85
1286	747	335
1287	747	2027
1288	747	1081
1289	747	473
1290	747	1079
1291	747	1079
1292	747	1079
1293	747	1079
1294	747	1079
1295	747	1079
1296	747	85
1297	747	1079
1298	747	1488
1299	747	1079
1300	747	1081
1301	747	1081
1302	753	1079
1303	753	1079
1304	753	1079
1305	753	1079
1306	753	1079
1307	753	1100
1308	754	1079
1309	754	1081
1310	754	1079
1311	754	1079
1312	754	1079
1313	754	1079
1314	754	1081
1315	754	1079
1316	754	1079
1317	754	2172
1318	754	2027
1319	754	1079
1320	754	1079
1321	754	1079
1322	754	1079
1323	754	1081
1324	754	1079
1325	754	1079
1326	754	1079
1327	754	1079
1328	754	1079
1329	754	1079
1330	754	1756
1331	754	1079
1332	754	1079
1333	754	1079
1334	754	1079
1335	754	1079
1336	754	1079
1337	754	1079
1338	754	1079
1339	754	1079
1340	754	1079
1341	754	1079
1342	754	1081
1343	754	1079
1344	754	1079
1345	754	1081
1346	754	1079
1347	754	1079
1348	754	1081
1349	754	1330
1350	754	1079
1351	754	1079
1352	754	473
1353	758	1081
1354	758	1079
1355	758	1079
1356	758	1079
1357	758	2027
1358	758	473
1359	758	1079
1360	758	1079
1361	758	1079
1362	758	1079
1363	758	1081
1364	758	1079
1365	758	1079
1366	758	1079
1367	758	1079
1368	761	85
1369	761	1079
1370	761	1081
1371	761	1079
1372	761	85
1373	761	85
1374	761	85
1375	761	85
1376	761	85
1377	768	1079
1378	768	1100
1379	768	1081
1380	768	1079
1381	768	1079
1382	768	1759
1383	768	1079
1384	768	1079
1385	768	1081
1386	768	1079
1387	768	473
1388	768	473
1389	768	1079
1390	768	1079
1391	768	85
1392	768	85
1393	768	1079
1394	768	1079
1395	768	85
1396	768	85
1397	768	1756
1398	772	1079
1399	778	1079
1400	778	85
1401	778	1759
1402	778	1079
1403	778	1079
1404	782	1081
1405	783	1100
1406	783	1081
1407	786	473
1408	786	1081
1409	792	1079
1410	792	1100
1411	792	1079
1412	803	1100
1413	803	1079
1414	803	1100
1415	803	1079
1416	803	1081
1417	803	85
1418	803	1081
1419	803	85
1420	805	473
1421	823	1079
1422	823	1756
1423	823	1081
1424	825	1079
1425	825	1081
1426	827	1081
1427	827	1079
1428	828	1081
1429	828	1079
1430	828	1081
1431	828	85
1432	831	1079
1433	831	1079
1434	831	1756
1435	831	85
1436	831	1756
1437	831	1756
1438	831	1079
1439	831	1756
1440	831	1332
1441	831	335
1442	836	1756
1443	840	1079
1444	840	1081
1445	838	2027
1446	838	1081
1447	838	1081
1448	838	1081
1449	838	1081
1450	838	1081
1451	841	1081
1452	841	1079
1453	841	1081
1454	841	1081
1455	844	1079
1456	849	1081
1457	853	1079
1458	856	2027
1459	856	335
1460	856	2027
1461	856	1079
1462	856	473
1463	857	1079
1464	869	1079
1465	869	1081
1466	869	1079
1467	887	473
1468	887	1756
1469	887	1079
1470	887	1081
1471	887	1081
1472	887	1079
1473	887	1081
1474	897	1079
1475	897	1079
1476	897	473
1477	911	473
1478	911	1332
1479	916	1081
1480	916	1081
1481	916	1079
1482	941	335
1483	946	2172
1484	946	2172
1485	948	1081
1486	948	1079
1487	948	2172
1488	948	1079
1489	948	2172
1490	948	1079
1491	954	1081
1492	954	1079
1493	954	2172
1494	954	1081
1495	954	1081
1496	954	1079
1497	954	2172
1498	954	1079
1499	954	1079
1500	954	1079
1501	954	1079
1502	954	1081
1503	954	1079
1504	955	1549
1505	958	1081
1506	958	1081
1507	958	1081
1508	958	1081
1509	958	1081
1510	961	1081
1511	961	1081
1512	961	1079
1513	961	1079
1514	961	1081
1515	961	1079
1516	961	1081
1517	961	473
1518	961	2172
1519	961	1081
1520	961	473
1521	961	1079
1522	961	1081
1523	961	1081
1524	961	1081
1525	961	1081
1526	961	1081
1527	961	1081
1528	961	1081
1529	961	473
1530	961	1081
1531	961	473
1532	961	1081
1533	961	1081
1534	961	473
1535	967	2172
1536	967	2142
1537	969	1079
1538	969	473
1539	969	1081
1540	969	1081
1541	969	1081
1542	969	1081
1543	969	1079
1544	969	1081
1545	973	1081
1546	980	1081
1547	980	1081
1548	980	1081
1549	985	1081
1550	985	1488
1551	985	1081
1552	985	1079
1553	997	1081
1554	997	1756
1555	997	2172
1556	997	1079
1557	1007	1079
1558	1007	1079
1559	1007	1079
1560	1007	2172
1561	1007	1079
1562	1007	1079
1563	1007	1079
1564	1007	1079
1565	1007	1079
1566	1018	2172
1567	1018	1081
1568	1018	1081
1569	1018	1081
1570	1018	1081
1571	1024	1081
1572	1030	1081
1573	1030	2172
1574	1036	1081
1575	1036	1081
1576	1036	1079
1577	1036	1081
1578	1036	1081
1579	1036	1079
1580	1036	1079
1581	1036	1079
1582	1036	1079
1583	1036	1081
1584	1044	1081
1585	1044	1081
1586	1044	1079
1587	1049	1081
1588	1049	473
1589	1049	2027
1590	1049	473
1591	1049	1081
1592	1049	1079
1593	1049	1081
1594	1049	1081
1595	1056	1081
1596	1068	1081
1597	1068	1079
1598	1068	2027
1599	1068	2027
1600	1068	1079
1601	1068	1079
1602	1068	1756
1603	1068	2027
1604	1068	2027
1605	1068	1079
1606	1068	1079
1607	1068	1081
1608	1068	473
1609	1068	473
1610	1072	1079
1611	1072	1081
1612	1072	1079
1613	1072	1079
1614	1072	2172
1615	1072	85
1616	1072	473
1617	1072	1079
1618	1072	1079
1619	1072	1079
1620	1072	473
1621	1072	1081
1622	1072	1079
1623	1072	473
1624	1072	1079
1625	1072	1081
1626	1072	1081
1627	1072	1081
1628	1072	1081
1629	1072	1756
1630	1072	1081
1631	1072	1332
1632	1072	1079
1633	1072	1079
1634	1072	1079
1635	1072	1081
1636	1085	2027
1637	1086	1079
1638	1086	1081
1639	1090	1079
1640	1090	1079
1641	1090	1079
1642	1090	1079
1643	1090	1079
1644	1090	1079
1645	1090	1079
1646	1090	1081
1647	1108	1079
1648	1112	335
1649	1131	85
1650	1136	1756
1651	1140	1756
1652	1142	1079
1653	1142	1079
1654	1154	1079
1655	1154	1079
1656	1154	1079
1657	1154	1081
1658	1154	2172
1659	1154	1081
1660	1154	1079
1661	1154	2172
1662	1154	1081
1663	1154	1081
1664	1156	1549
1665	1156	1079
1666	1156	1081
1667	1156	1081
1668	1156	1081
1669	1156	1079
1670	1156	1079
1671	1156	1079
1672	1156	1079
1673	1156	1081
1674	1156	1079
1675	1156	1081
1676	1156	2378
1677	1156	1079
1678	1156	1081
1679	1156	473
1680	1156	1079
1681	1156	1079
1682	1156	1079
1683	1156	1549
1684	1156	1079
1685	1156	1079
1686	1156	1081
1687	1164	1079
1688	1164	1079
1689	1167	1081
1690	1167	1079
1691	1167	1079
1692	1167	1549
1693	1167	1081
1694	1167	1081
1695	1167	1488
1696	1172	1081
1697	1240	1079
1698	1240	335
1699	1240	1081
1700	1240	1081
1701	1240	1079
1702	1240	1079
1703	1240	473
1704	1240	1079
1705	1240	1079
1706	1175	1079
1707	1175	1079
1708	1175	2172
1709	1175	2172
1710	1175	2172
1711	1175	1079
1712	1175	473
1713	1175	85
1714	1175	1081
1715	1175	2172
1716	1175	1081
1717	1175	1079
1718	1175	1079
1719	1175	1079
1720	1175	1756
1721	1175	1081
1722	1175	1079
1723	1175	1081
1724	1175	1079
1725	1175	1081
1726	1175	1081
1727	1175	1079
1728	1188	1081
1729	1190	1081
1730	1190	1081
1731	1190	1079
1732	1190	1079
1733	1190	1081
1734	1190	1081
1735	1190	1079
1736	1190	1079
1737	1190	85
1738	1190	1081
1739	1190	1081
1740	1190	85
1741	1190	473
1742	1190	1079
1743	1190	1079
1744	1190	1081
1745	1190	1081
1746	1190	1081
1747	1190	1756
1748	1195	1081
1749	1195	473
1750	1195	1079
1751	1195	1079
1752	1195	1081
1753	1195	1079
1754	1195	1081
1755	1195	1079
1756	1195	473
1757	1195	1081
1758	1195	1081
1759	1195	1081
1760	1195	1081
1761	1195	473
1762	1198	1549
1763	1199	1079
1764	1199	1756
1765	1199	335
1766	1199	2027
1767	1199	1081
1768	1199	1079
1769	1199	1756
1770	1199	2172
1771	1199	1079
1772	1199	1081
1773	1199	1079
1774	1202	2172
1775	1202	473
1776	1202	473
1777	1202	1079
1778	1202	1079
1779	1205	1079
1780	1205	1079
1781	1205	1079
1782	1205	1081
1783	1205	1079
1784	1205	1079
1785	1205	1079
1786	1205	1081
1787	1205	1079
1788	1205	85
1789	1205	1079
1790	1205	85
1791	1205	1079
1792	1205	1079
1793	1205	473
1794	1214	1081
1795	1214	1081
1796	1214	1081
1797	1216	473
1798	1216	1081
1799	1218	1759
1800	1220	1079
1801	1225	85
1802	1225	85
1803	1225	1079
1804	1246	1081
1805	1246	1079
1806	1248	1079
1807	1248	1079
1808	1248	2027
1809	1248	1079
1810	1248	1079
1811	1248	1079
1812	1248	1079
1813	1248	1079
1814	1248	2172
1815	1248	85
1816	1248	1079
1817	1248	1079
1818	1248	1079
1819	1248	1079
1820	1248	1079
1821	1255	1081
1822	1264	1081
1823	1264	1081
1824	1269	1081
1825	1269	1081
1826	1269	2172
1827	1269	1079
1828	1269	1081
1829	1271	473
1830	1271	1079
1831	1271	1079
1832	1271	1079
1833	1271	1079
1834	1271	1081
1835	1271	1081
1836	1271	1079
1837	1271	1079
1838	1271	85
1839	1279	1081
1840	1279	1079
1841	1281	2172
1842	1281	1756
1843	1281	1100
1844	1282	2172
1845	1284	1079
1846	1289	1081
1847	1289	1079
1848	1289	1100
1849	1289	1081
1850	1289	1100
1851	1289	1081
1852	1289	85
1853	1289	1079
1854	1289	85
1855	1289	1079
1856	1289	1079
1857	1289	1081
1858	1289	1079
1859	1289	1081
1860	1289	1079
1861	1289	1081
1862	1289	1081
1863	1289	1756
1864	1291	1079
1865	1293	1079
1866	1293	473
1867	1293	85
1868	1293	1756
1869	1293	85
1870	1293	85
1871	1293	1079
1872	1293	1081
1873	1293	1081
1874	1293	85
1875	1293	1081
1876	1293	1081
1877	1293	1756
1878	1293	1079
1879	1293	1079
1880	1293	1081
1881	1293	1081
1882	1293	2172
1883	1293	1081
1884	1293	2172
1885	1293	2172
1886	1293	1079
1887	1293	1081
1888	1293	1081
1889	1293	1079
1890	1293	85
1891	1293	1079
1892	1293	1079
1893	1293	2172
1894	1293	1081
1895	1293	1756
1896	1293	1081
1897	1293	85
1898	1293	1081
1899	1293	85
1900	1293	1081
1901	1293	2172
1902	1293	1488
1903	1293	1100
1904	1293	1081
1905	1293	1079
1906	1305	1079
1907	1305	335
1908	1305	1079
1909	1305	1079
1910	1305	1079
1911	1305	1081
1912	1305	1756
1913	1305	335
1914	1305	1079
1915	1305	1756
1916	1305	1756
1917	1305	473
1918	1305	1079
1919	1305	1079
1920	1305	85
1921	1305	1079
1922	1305	473
1923	1319	2172
1924	1325	1549
1925	1325	1081
1926	1328	335
1927	1328	501
1928	1330	1081
1929	1330	2172
1930	1330	1079
1931	1330	1079
1932	1330	1079
1933	1330	2172
1934	1330	1081
1935	1330	1079
1936	1330	1079
1937	1330	1079
1938	1330	1548
1939	1330	1079
1940	1330	2172
1941	1330	1548
1942	1330	1079
1943	1330	1079
1944	1330	1079
1945	1336	2172
1946	1336	2172
1947	1336	1081
1948	1336	2027
1949	1336	1081
1950	1336	1079
1951	1336	1081
1952	1336	473
1953	1340	85
1954	1340	1079
1955	1340	1079
1956	1340	1079
1957	1340	2172
1958	1340	1079
1959	1343	335
1960	1354	1081
1961	1354	1081
1962	1366	1079
1963	1366	335
1964	1366	1332
1965	1366	85
1966	1366	1079
1967	1366	1548
1968	1366	1079
1969	1368	1079
1970	1368	1079
1971	1368	2172
1972	1368	1079
1973	1368	85
1974	1368	1079
1975	1368	1079
1976	1368	473
1977	1368	473
1978	1368	1081
1979	1368	1079
1980	1368	1079
1981	1368	1079
1982	1368	1079
1983	1372	473
1984	1374	1081
1985	1376	1079
1986	1376	1081
1987	1376	1100
1988	1383	85
1989	1383	473
1990	1383	85
1991	1383	2172
1992	1388	1079
1993	2447	1079
1994	2447	1756
1995	2462	1100
1996	2462	1759
1997	2462	2172
1998	2448	1081
1999	2448	1081
2000	2451	1081
2001	2451	1081
2002	1396	1079
2003	1396	1079
2004	1396	1079
2005	1407	1079
2006	1417	1081
2007	1417	1079
2008	2457	1759
2009	2457	1332
2010	2458	1079
2011	2458	1081
2012	2458	1081
2013	2458	1079
2014	2470	1081
2015	1428	1756
2016	1429	1079
2017	1429	473
2018	1429	1079
2019	1429	1079
2020	1429	1756
2021	1429	1081
2022	1429	85
2023	1429	1079
2024	1435	1079
2025	1432	2027
2026	1432	1081
2027	1432	1079
2028	1432	1079
2029	1432	1079
2030	2471	2172
2031	2471	1756
2032	2471	1081
2033	2471	1756
2034	2471	1756
2035	2471	1081
2036	2471	85
2037	2471	1756
2038	2471	2172
2039	2471	1079
2040	2471	2172
2041	2471	1100
2042	2471	1100
2043	1458	1079
2044	1460	473
2045	1439	2172
2046	1465	2172
2047	1465	1079
2048	1465	1079
2049	1469	1756
2050	1480	1079
2051	1480	1079
2052	1484	1079
2053	1484	1079
2054	1489	473
2055	1490	473
2056	1490	1081
2057	1497	335
2058	1497	1079
2059	1497	473
2060	1497	1756
2061	1497	1488
2062	1497	1488
2063	1503	1079
2064	1504	1079
2065	1522	1081
2066	1522	1079
2067	1522	1756
2068	1522	1081
2069	1522	1081
2070	1522	1100
2071	1522	1079
2072	1522	1079
2073	1522	2172
2074	1522	1079
2075	1522	2172
2076	1522	1081
2077	1522	1081
2078	1522	1081
2079	1522	1081
2080	1522	1079
2081	1522	1756
2082	1522	1079
2083	1522	1079
2084	1522	1081
2085	1522	2172
2086	1522	1081
2087	1522	1079
2088	1522	1081
2089	1522	1079
2090	1522	1079
2091	1522	473
2092	1522	1079
2093	1522	1079
2094	1522	473
2095	1522	1079
2096	1522	1081
2097	1522	1079
2098	1522	1081
2099	1522	1079
2100	1522	1079
2101	1522	1100
2102	1524	1081
2103	1526	1079
2104	1526	1081
2105	1526	1079
2106	1526	1079
2107	1526	1081
2108	1526	1079
2109	1526	1079
2110	1527	1079
2111	1528	1079
2112	1529	1081
2113	1529	1079
2114	1529	473
2115	1529	1079
2116	1529	1079
2117	1529	1079
2118	1529	1081
2119	1529	1081
2120	1529	1081
2121	1529	1079
2122	1529	1081
2123	1529	1079
2124	1529	1079
2125	1529	1081
2126	1529	2172
2127	1529	1081
2128	1529	1100
2129	1533	1079
2130	1535	2172
2131	1535	1079
2132	1535	1079
2133	1535	1081
2134	1535	1081
2135	1535	1081
2136	1535	1079
2137	1535	1081
2138	1535	2172
2139	1535	1081
2140	1535	1081
2141	1535	1081
2142	1535	1079
2143	1535	2172
2144	1535	1081
2145	1535	1081
2146	1535	2172
2147	1535	1081
2148	1535	1081
2149	1535	1756
2150	1535	1081
2151	1535	1756
2152	1535	1081
2153	1535	1079
2154	1535	1079
2155	1535	1079
2156	1535	1079
2157	1535	1079
2158	1535	1081
2159	1535	1079
2160	1535	473
2161	1535	85
2162	1535	1756
2163	1535	473
2164	1535	1081
2165	1535	85
2166	1535	1081
2167	1535	1756
2168	1535	1081
2169	1535	1081
2170	1535	1081
2171	1535	1079
2172	1535	1081
2173	1535	1079
2174	1535	1100
2175	1538	1079
2176	1538	1079
2177	1538	1081
2178	1538	1756
2179	1538	1079
2180	1538	2172
2181	1538	1079
2182	1538	2172
2183	1538	1079
2184	1538	1079
2185	1538	1079
2186	1538	2172
2187	1538	1079
2188	1538	1079
2189	1538	1079
2190	1538	85
2191	1538	473
2192	1538	1079
2193	1538	1079
2194	1538	1079
2195	1538	2172
2196	1538	1079
2197	1538	85
2198	1538	1079
2199	1541	1079
2200	1541	1079
2201	1541	1100
2202	1541	335
2203	1541	1081
2204	1541	1079
2205	1541	1079
2206	1541	1079
2207	1545	1079
2208	1545	473
2209	1545	473
2210	1545	1081
2211	1545	1079
2212	1545	473
2213	1545	1079
2214	1548	1081
2215	1548	1081
2216	1548	85
2217	1548	2172
2218	1561	335
2219	1549	1081
2220	1549	2172
2221	1549	1756
2222	1549	1079
2223	1549	1756
2224	1549	1756
2225	1549	1759
2226	1549	1081
2227	1549	1079
2228	1549	1081
2229	1549	1081
2230	1549	1079
2231	1549	1079
2232	1549	1079
2233	1549	1756
2234	1549	2172
2235	1549	1081
2236	1549	1079
2237	1549	1081
2238	1555	1079
2239	1555	1079
2240	1555	1079
2241	1555	1756
2242	1555	473
2243	1555	1079
2244	1555	1081
2245	1555	1081
2246	1555	1081
2247	1558	1081
2248	1558	1079
2249	1559	1081
2250	1560	1079
2251	1560	1079
2252	1560	2172
2253	1560	1079
2254	1581	1081
2255	1581	1332
2256	1566	1079
2257	1566	2172
2258	1566	2172
2259	1566	1081
2260	1566	1081
2261	1566	473
2262	1567	1081
2263	1574	1081
2264	1585	2027
2265	1585	1081
2266	1585	1079
2267	1585	2027
2268	1594	1079
2269	1594	1079
2270	1594	2172
2271	1594	2172
2272	1594	2172
2273	1594	2172
2274	1594	1079
2275	1594	1081
2276	1594	1079
2277	1594	1100
2278	1600	1079
2279	1600	1079
2280	1600	1079
2281	1600	1081
2282	1600	335
2283	1600	1079
2284	1600	1079
2285	1600	335
2286	1600	1079
2287	1600	1756
2288	1600	1079
2289	1600	1081
2290	1600	2172
2291	1600	1079
2292	1600	1079
2293	1600	1079
2294	1600	1079
2295	1600	2172
2296	1600	2172
2297	1600	2172
2298	1600	1756
2299	1600	2172
2300	1600	1079
2301	1600	2172
2302	1600	2172
2303	1600	1079
2304	1600	1079
2305	1600	1079
2306	1600	1081
2307	1600	335
2308	1600	1079
2309	1600	2172
2310	1600	1079
2311	1600	1079
2312	1600	1079
2313	1600	2172
2314	1600	2172
2315	1600	1079
2316	1600	1079
2317	1600	1079
2318	1600	1079
2319	1600	1079
2320	1600	1079
2321	1600	1079
2322	1600	1079
2323	1600	1079
2324	1600	1079
2325	1600	1081
2326	1600	1079
2327	1600	1079
2328	1600	473
2329	1604	1079
2330	1610	1081
2331	1610	1079
2332	1610	85
2333	1610	1079
2334	1610	1079
2335	1611	1079
2336	1611	1079
2337	1611	473
2338	1611	1079
2339	1611	1079
2340	1611	1079
2341	1611	1079
2342	1611	1079
2343	1611	1079
2344	1614	1079
2345	1614	1756
2346	1614	1079
2347	1614	1081
2348	1619	1081
2349	1619	1079
2350	1619	2172
2351	1619	1079
2352	1619	1079
2353	1627	1100
2354	1628	1079
2355	1628	85
2356	2505	1081
2357	2495	85
2358	2495	1100
2359	2496	85
2360	2497	1081
2361	2497	1079
2362	2497	2108
2363	2497	85
2364	2497	2027
2365	2497	1079
2366	2497	1756
2367	2497	1756
2368	2497	1756
2369	2498	1079
2370	2502	1081
2371	2511	1756
2372	2511	1081
2373	2511	1756
2374	2511	1756
2375	2516	1548
2376	1636	1079
2377	1636	473
2378	1643	1081
2379	1651	1081
2380	1660	1081
2381	1676	1081
2382	1676	1079
2383	1676	1081
2384	1676	1079
2385	1676	1079
2386	1676	1756
2387	1679	1081
2388	1679	85
2389	1679	473
2390	1679	1079
2391	1679	1079
2392	1679	1079
2393	1683	2172
2394	1683	1081
2395	1689	1081
2396	1690	1756
2397	1690	1079
2398	1694	1081
2399	1703	1079
2400	1703	1079
2401	1703	1079
2402	1703	1079
2403	1727	335
2404	1763	473
2405	1728	1079
2406	1760	335
2407	1734	1081
2408	1734	1081
2409	1736	1081
2410	1739	1081
2411	1739	2172
2412	1739	1079
2413	1739	1079
2414	1739	2172
2415	1744	2172
2416	1744	1079
2417	1744	1079
2418	1748	2027
2419	1748	1079
2420	1748	1079
2421	1748	1079
2422	1748	1079
2423	1751	1081
2424	1751	1079
2425	1751	1079
2426	1751	1079
2427	1751	1081
2428	1751	1079
2429	1751	1081
2430	1751	1756
2431	1755	1756
2432	1755	2027
2433	1755	1079
2434	1755	2172
2435	1755	1079
2436	1769	1081
2437	1769	1081
2438	1769	1081
2439	1779	2142
2440	1797	1100
2441	1805	1079
2442	1805	1081
2443	1813	1081
2444	1835	1079
2445	1835	1079
2446	1835	1079
2447	1835	1079
2448	1835	1079
2449	1835	1079
2450	1835	1079
2451	1835	1079
2452	1835	1079
2453	1835	1079
2454	1835	1079
2455	1841	1081
2456	1841	1079
2457	1841	1079
2458	1853	1079
2459	1859	473
2460	1859	335
2461	1859	1079
2462	1859	1081
2463	1859	1081
2464	1859	1081
2465	1859	1081
2466	1859	2027
2467	1874	1081
2468	1877	1081
2469	1880	1756
2470	1880	473
2471	1880	1081
2472	1880	1756
2473	1888	1081
2474	1515	1081
2475	1515	1081
2476	1515	1081
2477	1515	1081
2478	1893	473
2479	1893	1081
2480	1893	473
2481	1893	1081
2482	1893	85
2483	1896	2172
2484	1897	1079
2485	1897	1756
2486	1897	2172
2487	1897	1081
2488	1897	1081
2489	1897	1081
2490	1897	1332
2491	1897	2172
2492	1897	1756
2493	1897	1548
2494	1897	2172
2495	1902	1079
2496	1902	1081
2497	1902	1081
2498	1902	1081
2499	1902	473
2500	1902	1079
2501	1902	1079
2502	1902	1079
2503	1902	1081
2504	1902	1079
2505	1902	1081
2506	1902	1079
2507	1902	1079
2508	1902	1081
2509	1902	1081
2510	1902	1081
2511	1902	1079
2512	1902	1081
2513	1902	1079
2514	1902	1332
2515	1907	1079
2516	1909	1079
2517	1909	1081
2518	1917	1079
2519	1917	85
2520	1920	1079
2521	1920	2027
2522	1922	1079
2523	1922	1079
2524	1922	1079
2525	1922	1079
2526	1922	1079
2527	1922	1079
2528	1922	1079
2529	1922	1079
2530	1922	1081
2531	1925	2172
2532	1930	1081
2533	1930	1081
2534	1933	1081
2535	1933	1079
2536	1933	1081
2537	1933	1079
2538	1933	1079
2539	1933	1079
2540	1933	2027
2541	1933	1081
2542	1933	1079
2543	1933	1081
2544	1933	1079
2545	1939	1079
2546	1939	1079
2547	1939	473
2548	1939	1079
2549	1939	1079
2550	1939	1081
2551	1939	1081
2552	1995	1079
2553	1995	1081
2554	1975	1079
2555	1979	1079
2556	1986	2027
2557	1986	2027
2558	1986	1079
2559	1986	1081
2560	1986	1081
2561	1986	473
2562	1986	1079
2563	1986	1079
2564	1987	1081
2565	1951	1079
2566	1951	85
2567	1953	1756
2568	1955	335
2569	1955	335
2570	1955	335
2571	1955	1079
2572	1955	85
2573	1959	1079
2574	1959	1079
2575	1959	473
2576	1962	1081
2577	1962	1081
2578	1962	85
2579	1966	1756
2580	2009	1079
2581	2009	1759
2582	2019	1100
2583	2019	1079
2584	2019	1079
2585	2019	1079
2586	2020	1079
2587	2023	1079
2588	2023	1079
2589	2023	1079
2590	2023	1081
2591	2023	1079
2592	2023	1079
2593	2023	1079
2594	2023	1079
2595	2023	1079
2596	2023	1079
2597	2023	1079
2598	2023	1079
2599	2023	2027
2600	2023	1079
2601	2023	335
2602	2023	1079
2603	2023	1079
2604	2023	1079
2605	2023	1079
2606	2023	1079
2607	2023	1756
2608	2023	473
2609	2023	1081
2610	2023	473
2611	2023	1054
2612	2023	1079
2613	2023	1081
2614	2023	1081
2615	2023	1079
2616	2023	1079
2617	2023	1081
2618	2023	85
2619	2023	1079
2620	2023	1081
2621	2023	1079
2622	2023	1081
2623	2023	1079
2624	2023	1756
2625	2023	473
2626	2023	1079
2627	2023	1548
2628	2023	1081
2629	2023	1548
2630	2023	1081
2631	2023	2027
2632	2023	1081
2633	2023	1081
2634	2023	1079
2635	2023	1079
2636	2023	1079
2637	2024	1079
2638	2027	473
2639	2027	2172
2640	2027	1079
2641	2027	1079
2642	2033	2172
2643	2037	1756
2644	2037	2172
2645	2037	1100
2646	2042	1081
2647	2042	473
2648	2042	1081
2649	2042	1081
2650	2042	473
2651	2042	1079
2652	2042	1079
2653	2042	1079
2654	2042	1079
2655	2046	1079
2656	2046	1549
2657	2046	2027
2658	2046	85
2659	2046	1079
2660	2046	1079
2661	2046	1081
2662	2046	1081
2663	2049	1079
2664	2049	1081
2665	2049	1081
2666	2049	1081
2667	2054	1079
2668	2054	1079
2669	2054	1081
2670	2054	1100
2671	2054	473
2672	2054	2027
2673	2054	2172
2674	2054	2172
2675	2054	1079
2676	2054	2172
2677	2054	1079
2678	2054	1079
2679	2054	1079
2680	2054	1079
2681	2054	473
2682	2058	1079
2683	2058	2172
2684	2058	1079
2685	2058	1079
2686	2065	1079
2687	2065	1079
2688	2065	1079
2689	2065	1079
2690	2065	335
2691	2065	1079
2692	2065	2172
2693	2065	1079
2694	2065	1079
2695	2065	1079
2696	2065	1079
2697	2070	1079
2698	2070	1079
2699	2072	1079
2700	2072	1079
2701	2074	2027
2702	2076	1079
2703	2076	2027
2704	2091	1756
2705	2091	335
2706	2091	1079
2707	2091	1079
2708	2091	1081
2709	2091	1079
2710	2091	1079
2711	2091	2172
2712	2091	1079
2713	2091	85
2714	2091	2172
2715	2091	1079
2716	2095	1079
2717	2111	1081
2718	2111	2172
2719	2111	1081
2720	2111	1079
2721	2131	2172
2722	2131	1079
2723	2131	1079
2724	2142	1079
2725	2147	1079
2726	2147	2172
2727	2147	1081
2728	2147	1756
2729	2147	2027
2730	2147	1081
2731	2147	1079
2732	2147	1756
2733	2147	2172
2734	2147	2172
2735	2147	2172
2736	2147	1079
2737	2147	1079
2738	2147	1081
2739	2147	1079
2740	2147	1079
2741	2147	335
2742	2147	2172
2743	2147	2172
2744	2147	85
2745	2147	85
2746	2147	1081
2747	2154	473
2748	2154	1079
2749	2157	1081
2750	2157	2172
2751	2186	1079
2752	2186	335
2753	2186	1079
2754	2184	1079
2755	2184	1079
2756	2184	1079
2757	2184	1079
2758	2184	85
2759	2184	1079
2760	2184	1756
2761	2184	85
2762	2184	1079
2763	2184	1759
2764	2166	1079
2765	2166	2172
2766	2166	2172
2767	2166	1079
2768	2166	1081
2769	2166	1079
2770	2166	473
2771	2174	1756
2772	2174	2172
2773	2176	1081
2774	2176	1079
2775	2176	1081
2776	2176	1079
2777	2180	473
2778	2180	1079
2779	2191	1759
2780	2193	1332
