1
2
2
2
3
4
4
4
4
5
6
8
8
10
15
12
11
21
21
23
24
41
28
28
28
29
29
28
30
30
31
32
32
33
33
33
33
35
36
39
26
42
43
44
49
51
51
51
51
52
54
55
57
58
53
62
64
70
71
71
72
74
73
77
81
88
88
89
90
90
90
91
97
97
99
100
101
104
105
106
106
107
107
110
110
111
112
112
113
113
118
119
120
121
122
123
127
129
130
131
1509
134
134
137
137
139
143
143
143
143
143
145
146
147
150
151
150
150
152
152
154
154
154
155
156
156
156
158
158
164
164
165
165
168
169
172
174
179
182
182
183
183
184
185
185
187
188
189
190
191
192
194
201
204
206
207
209
209
212
213
503
221
1625
225
228
230
231
233
233
236
236
236
236
236
240
242
243
243
246
2199
170
246
245
246
250
250
251
254
255
257
259
260
261
262
262
266
266
266
266
268
268
268
269
269
270
270
270
272
273
274
275
276
278
278
278
279
279
284
283
284
284
284
285
285
287
287
287
288
289
289
290
293
294
295
295
297
299
299
302
302
306
304
304
307
307
307
308
309
311
312
313
314
316
316
318
318
318
319
324
324
326
326
327
329
331
332
333
335
335
336
339
340
343
345
346
347
349
349
354
354
355
358
361
362
365
365
373
376
377
377
381
380
385
385
387
388
388
390
390
392
392
395
397
400
399
400
401
402
402
404
404
406
406
406
408
408
409
410
412
413
413
413
414
416
417
419
422
423
425
426
427
427
434
434
435
436
438
438
442
444
444
446
446
447
447
448
448
451
452
454
454
455
457
458
460
462
463
464
464
464
464
464
464
464
468
468
473
474
475
478
478
491
491
482
484
484
483
485
488
489
489
489
490
490
492
492
493
493
495
495
495
495
499
499
501
502
502
503
503
504
505
506
506
506
508
509
511
511
515
515
516
516
518
520
520
521
527
531
533
537
538
540
540
542
542
544
545
546
548
551
551
551
552
552
557
560
568
571
577
579
580
581
584
591
597
599
592
602
603
606
608
611
611
614
614
616
616
617
620
621
625
626
633
637
637
639
643
644
646
646
647
648
649
651
652
655
655
656
657
658
659
661
663
664
665
666
668
672
674
678
680
680
681
686
688
690
696
697
699
700
700
703
703
703
703
703
704
708
708
708
712
714
714
714
716
717
719
719
719
719
720
721
723
723
724
727
727
727
728
729
729
730
732
734
735
735
735
735
735
736
736
736
736
737
737
737
737
739
737
737
737
737
737
737
738
740
740
740
741
743
744
746
746
746
746
746
747
747
747
747
749
750
747
750
750
751
751
751
753
753
2616
754
754
754
756
756
756
756
757
757
757
757
757
757
758
758
758
758
758
758
758
758
758
758
758
758
758
758
758
758
758
758
758
761
761
761
763
763
763
765
765
765
768
768
768
768
768
778
779
781
781
781
782
783
783
784
785
786
792
792
792
792
484
793
793
795
796
798
798
802
802
803
804
804
805
805
807
808
811
813
815
816
817
818
823
823
826
826
827
828
830
831
832
834
836
839
839
839
839
840
840
841
843
844
845
850
851
851
854
855
858
860
861
862
865
864
866
866
867
868
869
869
870
871
871
872
874
877
877
879
880
881
881
881
882
882
885
886
886
894
895
897
897
899
901
903
905
907
909
910
910
908
911
913
913
914
914
914
916
916
917
918
919
921
921
921
921
922
923
924
924
924
925
926
927
928
929
929
930
933
936
938
942
945
946
946
948
949
953
955
956
958
958
959
960
961
963
981
964
966
971
972
974
976
977
977
977
978
978
979
981
982
984
985
986
986
989
992
993
997
997
1006
1000
1001
1001
1001
1001
1001
1001
1001
1003
1004
1004
1004
1004
1004
1005
1006
1006
1007
1008
1012
1015
1015
1017
1017
1021
1021
1021
1021
1023
1024
1025
1025
1025
1026
1028
1028
1029
1029
1029
1033
1039
1040
1044
1044
1045
1054
1048
1049
1059
1052
1053
1055
1055
1056
1056
1058
1058
1058
1058
1060
1064
1070
1072
1081
1082
1083
1086
1088
1090
1090
1090
1090
1092
1093
1094
1101
1100
1096
1102
1103
1104
1104
1105
1105
1105
1107
1107
1108
1108
1110
1111
1111
1112
1114
1117
1119
1122
1123
1124
1124
1126
1126
1126
1127
1128
1132
1133
1133
1133
1137
1138
1138
1138
1139
1146
1146
1147
1148
1153
1154
1155
1154
1155
1155
1154
1154
1155
1156
1156
1156
1156
1156
1156
1159
1159
1159
1159
1159
1159
1159
1159
1159
1159
1159
1159
1163
1164
1164
1164
1164
1164
1165
1165
1165
1165
1165
1167
1167
1167
1167
1167
1167
1170
1172
1172
1172
1173
1173
1175
1176
1179
1180
1214
388
1186
1187
1188
1190
1196
1197
1202
1204
1206
1214
1214
1182
1214
1217
1223
1225
1225
1228
1228
1230
1231
1228
1238
1239
1239
1240
1246
1247
1255
1255
1256
1258
1258
1260
1265
1269
1269
1270
1276
1279
1284
1286
1287
1287
1290
1290
1291
1295
1295
1299
1302
1305
1305
1307
1309
1309
1311
1316
1320
1319
1322
1324
1324
1325
1330
1330
1330
1333
1333
1333
1333
1334
1335
1336
1337
1337
1340
1340
1340
1340
1341
1342
1343
1343
1343
1345
1345
1346
1347
1348
1348
1350
1350
1351
1351
1352
1356
1359
1359
1362
1363
1365
1366
1366
1366
1370
1370
1372
1375
1378
1378
1381
1384
1385
1389
1389
1393
1394
1395
1396
1398
1398
1400
1400
1400
1400
1407
1410
1411
1410
1412
1412
1548
1410
1548
1548
1412
1412
1413
1413
1415
1416
1481
1425
1429
1429
1432
1434
1434
1436
1436
1439
1447
1441
1442
1444
1447
1450
1451
1457
1458
1458
1461
1461
1462
1462
1462
1465
1467
1468
1468
1469
1472
1473
1474
1475
1477
1481
1483
1485
1485
1485
1488
1490
1492
1492
1502
1503
1509
1513
1512
1512
1513
1518
1520
1521
1521
1522
1524
1524
1525
1525
1528
1531
1534
1535
1535
1535
1536
1138
1138
1538
1541
1547
1412
1548
1548
1412
1549
1549
1549
1550
1552
1553
1555
1556
1556
1559
1563
1566
1567
1568
1526
1577
1577
1578
1578
1583
1583
1584
1585
1585
1585
1585
1585
1585
1590
1592
1592
1595
1598
1598
1598
1603
1603
1604
1604
1605
1603
1605
1605
1606
1606
1606
1607
1610
1610
1611
1611
1614
1615
1617
1617
1619
1619
1620
1620
1620
1622
1622
1625
1625
1626
1627
1628
1628
1629
1630
1630
1630
1631
1636
1636
1636
1636
1636
1636
1637
1640
1642
1642
1897
1642
1643
1643
1643
1648
1649
1649
1651
815
1651
1651
1654
1658
1660
1660
1660
1661
1662
1665
1667
1667
1668
1676
1676
1676
1679
1680
1683
1685
1687
1701
1702
1702
1702
1703
1703
1705
1706
1706
1707
1708
1709
1709
1710
1712
1714
1718
1718
1724
1725
1725
1727
1729
1730
1731
1731
1733
1736
1740
1741
1742
1745
1746
1749
1751
1754
1758
1760
1762
1762
1763
1764
1767
1769
1771
1771
1776
1777
1777
1777
1778
1780
1783
1783
1784
1788
1789
1791
1795
1799
1799
1801
1801
1803
1805
1809
1813
1815
1817
1818
1818
1822
1822
1822
1822
1822
1822
1828
1829
1829
1829
1829
1829
1830
1833
1834
1834
1835
1835
1835
1835
1835
1835
1835
1835
1835
1835
1835
1835
1835
1835
1835
1835
1835
1837
1838
1838
1838
1838
1822
1839
1842
1842
1842
1842
1842
1842
1842
1842
1842
1842
1842
1843
1843
1843
1843
1843
1844
1844
1845
1845
1847
1849
1849
1850
1851
1851
1851
1642
1642
1856
1856
1857
1859
1859
1860
1861
1865
1866
1866
1870
1873
1874
1879
1880
1883
1884
1886
1886
1887
1889
1889
1889
1890
1896
1897
1899
1905
1909
1909
1910
1911
1912
1914
1914
1916
1919
1919
1922
1925
1928
1930
1932
1936
1938
1939
1939
1940
1941
1941
1941
1944
1947
1947
1948
1948
1949
1951
1951
1953
1955
1955
1956
1957
1959
1959
1962
1964
1964
1966
1966
1967
1967
1969
1972
1973
1975
1976
1976
1977
1977
1977
1977
1977
1977
1977
1981
1982
1983
1985
1985
1985
1990
1992
1993
1993
1993
1996
1996
1998
1995
2000
2003
2004
2006
2006
2006
2006
2007
2007
2011
2013
2013
2023
2023
2024
2025
2025
2026
2027
2028
2032
2033
2033
2033
2033
2041
2042
2042
2042
2042
2043
2044
2050
2049
2051
2053
2054
2056
2058
2058
2059
2059
2061
2061
2061
2061
2062
2063
2063
2065
2067
2067
2073
2074
2074
2076
2081
2152
2081
2082
2082
2084
2087
2087
2088
2088
2088
2090
2094
2094
2095
2095
2098
2099
2099
2101
2104
2106
2108
2114
2115
2119
2120
2127
2129
2130
2131
2132
2135
2137
2138
2138
2138
2139
2142
2142
2144
2144
2151
2149
2151
2154
2154
2157
2159
2160
2160
2162
2163
2164
2164
2166
2166
2169
2169
2169
2172
2172
2172
2174
2176
2176
2181
2183
2184
2184
2185
2185
1865
2187
2188
2189
2190
2190
2191
2191
2191
2192
2194
2197
2197
2197
2201
2202
2204
2207
2210
2210
2211
2212
2213
2215
2216
2216
2217
2218
2218
2219
2220
2223
2225
2227
2228
2229
2230
2232
2234
2234
2234
2234
2234
2235
2236
2236
2237
2238
2241
2242
2243
2244
2244
2252
2257
2260
2260
2262
2263
2270
2270
2270
2273
2273
2275
2276
2278
2278
2279
2280
2283
2283
2285
2287
2287
2287
2288
2288
2290
2293
2295
2295
2298
2299
2270
2300
2301
2305
2305
2305
2306
2306
2309
2309
2309
2312
2312
2314
2316
2320
2322
2324
2327
2334
2337
2342
2342
2346
2347
2348
2348
2351
2352
2352
2352
2352
2353
2353
2356
2356
2356
2356
2356
2356
2356
2356
2356
2359
2359
2359
2360
2361
2361
2361
2361
2364
2364
2364
2365
2364
2364
2366
2367
2370
2369
2375
2378
2376
2377
2378
2379
2382
2382
2383
2241
96
2386
2386
2388
2390
2391
2391
2395
2396
2400
2403
2404
2406
2408
2409
2409
2409
2409
2411
2415
2418
2418
2422
2430
2434
2434
2436
2441
2447
2447
2447
2447
2448
2450
2451
2451
2451
2453
2454
2456
2457
2458
2458
2459
2459
2462
2462
2462
2463
2469
2469
2470
2470
2471
2472
2472
2471
2472
2472
2472
2472
2473
2476
2478
2480
2484
2484
2484
2485
2490
2490
2500
2496
2496
2497
2497
2498
2499
2499
2508
2509
2510
2510
2510
2510
2510
2511
2512
2514
2515
2512
2517
2521
2522
2522
2523
2523
2524
2527
2531
2531
2532
2533
2534
2535
2538
2540
2540
2542
2546
2544
2548
2548
2548
2549
2549
2554
2554
2554
2555
2558
2557
2562
2564
2565
2565
2565
2565
2567
2568
2396
2571
2571
2571
2572
2573
2574
2574
2576
2581
2581
2583
2586
2587
2588
2590
2590
2593
2597
2597
2597
2599
2599
2600
2601
2602
2604
2605
2607
2608
2610
2616
2617
2618
2621
2622
2623
2625
